19021
19026
19037
19076
19131
19152
19229
19266
19348
19352
19354
19368
19389
19392
19407
19488
19504
19510
19514
19529
19545
19546
19557
19592
19623
19628
19661
19688
19690
19726
19789
19794
19795
19796
19854
19887
19890
19897
19902
19905
19909
19946
19960
19967
19972
19985
23033
23065
23083
23089
23100
23127
23143
23144
19649
19651
19626
23138
19838
19834
19547
19575
16007
19083
19059
19157
19764
19173
19567
19151
19386
19552
19587
19716
19822
19828
19866
19918
19921
19989
19997
19998
23008
23011
23017
23023
23025
23040
23059
23060
19024
19208
19239
19240
19290
19303
19515
19541
19542
19583
19695
19722
19724
19732
19802
19841
16095
19968
19409
19892
19904
19948
19713
19289
19013
19708
19215
19197
17016
23066
23067
23068
19757
23121
19491
19492
23049
19930
23115
23134
19070
19162
19137
19055
19350
19378
19379
19145
19451
19468
19509
19703
19743
19606
19812
19843
19844
19923
19969
23034
23035
23037
19674
23058
19632
19008
19018
19032
19039
19045
19064
19067
19071
19075
19088
19092
19121
19122
19127
19135
19136
19148
19149
19154
19156
19164
19170
19176
19177
19179
19180
19181
19185
19186
19196
19199
19201
19204
19221
19228
19232
19233
19237
19260
19274
19275
19283
19286
19304
19308
19309
19310
19317
19319
19320
19325
19326
19327
19330
19331
19335
19337
19338
19340
19341
19359
19361
19399
19406
19410
19413
19415
19420
19428
19434
19435
19464
19476
19482
19517
19544
19584
19586
19602
19607
19609
19610
19611
19613
19614
19617
19618
19621
19625
19634
19635
19658
19659
19670
19673
19677
19683
19686
19696
19697
19700
19736
19746
19749
19755
19756
19772
19775
19787
19947
19950
19966
23003
23012
23026
23028
23029
23050
23051
23070
23072
23073
23075
23077
23078
23079
23080
23081
23082
23094
23095
23096
23109
23110
23111
23112
23114
23116
23150
23151
23152
23156
23158
19284
19029
19041
19043
19048
19057
19074
19103
19117
19119
19120
19142
19168
19192
19195
19203
19223
19238
19245
19264
19272
19273
19291
19293
19295
19296
19297
19345
19360
19367
19393
19394
19403
15076
19432
19441
19444
19445
19460
19471
19499
19533
19550
19566
19596
19603
21054
19656
19663
19664
19671
19676
19698
19709
19729
19738
19751
19758
19759
19768
19779
19784
19792
19805
19860
19862
19863
19913
19919
19920
19922
19928
19939
19941
19942
19951
19963
19964
19975
19982
19840
23016
23018
23022
23041
23042
23044
23047
23054
23064
23057
23061
23091
23141
23142
23145
23146
23149
23157
23159
19011
19016
19034
19044
19047
19143
19167
19242
19248
19347
19351
19376
19381
19382
19383
19449
19480
19481
19487
19490
19496
19534
19538
19539
19555
19556
19571
19620
19622
19630
19631
19687
19692
19693
19720
19727
19747
19753
19766
19781
19785
19827
19846
19848
19871
19873
19874
19875
19885
19886
19891
19910
19896
19900
19906
19907
19783
19159
19842
19559
19944
19945
19980
19908
19993
19999
23005
23006
23086
23088
23104
23105
23106
23107
23108
23117
23118
23119
23122
23123
23126
23128
23132
23133
23137
23153
23154
23155
19370
19182
19467
19287
19062
19512
23009
19455
19714
19519
19501
19285
19313
19645
19646
19761
19770
19780
19808
19817
19819
62034
16111
23139
19462
19642
19652
19654
19773
19774
19798
19799
19800
19815
19832
19833
19835
19836
19911
62008
63003
63004
19268
19118
19085
19086
19087
19128
19129
19133
19155
19473
19527
19513
19837
19735
19801
19877
19099
19124
23097
19797
19869
19752
19097
19101
19166
19528
19870
19114
19115
23148
19095
19107
19210